60 150
0 1
0 2
0 3
0 12
0 39
1 2
1 4
1 13
1 40
2 5
2 14
2 41
3 4
3 5
3 6
3 33
4 5
4 7
4 34
5 8
5 35
6 7
6 8
6 9
6 27
7 8
7 10
7 28
8 11
8 29
9 10
9 11
9 12
9 21
10 11
10 13
10 22
11 14
11 23
12 13
12 14
12 15
13 14
13 16
14 17
15 16
15 17
15 18
15 42
16 17
16 19
16 43
17 20
17 44
18 19
18 20
18 21
18 48
19 20
19 22
19 49
20 23
20 50
21 22
21 23
21 24
22 23
22 25
23 26
24 25
24 26
24 27
24 51
25 26
25 28
25 52
26 29
26 53
27 28
27 29
27 30
28 29
28 31
29 32
30 31
30 32
30 33
30 54
31 32
31 34
31 55
32 35
32 56
33 34
33 35
33 36
34 35
34 37
35 38
36 37
36 38
36 39
36 57
37 38
37 40
37 58
38 41
38 59
39 40
39 41
39 42
40 41
40 43
41 44
42 43
42 44
42 45
43 44
43 46
44 47
45 46
45 47
45 48
45 57
46 47
46 49
46 58
47 50
47 59
48 49
48 50
48 51
49 50
49 52
50 53
51 52
51 53
51 54
52 53
52 55
53 56
54 55
54 56
54 57
55 56
55 58
56 59
57 58
57 59
58 59

