6 8
0 1
0 2
0 3
1 4
2 5
3 4
3 5
4 5

#THE FOLKMAN GRAPH
20 40
0 10
0 12 
0 18 
0 19
1 11
1 13
1 17
1 18
2 12
2 14
2 16
2 17
3 10
3 13
3 15
3 16
4 11
4 14
4 15
4 19
5 11
5 14 
5 15
5 19
6 10
6 13
6 15
6 16
7 12
7 14
7 16
7 17
8 11
8 13
8 17
8 18
9 10
9 12
9 18
9 19


#THE HERSCHEL GRAPH
11 18
0 1
0 3
0 5
0 9
1 2
1 10
2 3
2 6
3 4
4 5
4 6
4 7
5 8
6 10
7 8
7 10
8 9
9 10

#CUBE
8 12
0 1
0 2
0 6
1 3
1 7
2 3
2 4
3 5
4 5
4 6
5 7
6 7

#OCTAHEDRON
6 12
0 1
0 2
0 4
0 5
1 2
1 3
1 4
2 3
2 5
3 4
3 5
4 5

#KELE
5 5
0 1
1 2
1 3
2 3
3 4

#CONSEGNA
6 8
0 1
0 2
0 3
1 4
2 5
3 4
3 5
4 5